id	isolate	date_entered	ftsQ	gpdxJ	hagB	mcmA	pepO	pga	recA	ST (MLST)	clonal_complex (MLST)
1	53977	2006-01-16	1	12	1	1	1	1	1	1	
2	D165	2006-01-16	4	1	6	3	4	3	2	2	
3	Eli33	2006-01-16	3	5	1	6	8	3	2	3	
4	Eli47	2006-01-16	3	6	3	5	12	3	3	4	
5	Eli55	2006-01-16	10	5	6	9	6	4	2	5	
6	Eli60	2006-01-16	13	13	2	4	9	9	4	6	
7	Eli80	2006-01-16	4	2	1	3	6	6	2	7	
8	Eli85	2006-01-16	7	4	7	8	6	10	5	8	
9	Eli88	2006-01-16	6	7	10	3	2	7	5	9	
10	Eli90	2006-01-16	4	8	4	2	3	2	5	10	
11	Fr048	2006-01-16	8	3	6	3	14	3	4	11	
12	FR14	2006-01-16	5	11	6	10	11	5	3	12	
13	Fr19	2006-01-16	10	14	11	7	10	4	2	13	
14	Fr22	2006-01-16	5	9	1	1	1	9	5	14	
15	Fr7	2006-01-16	12	10	8	5	10	5	6	15	
16	GDR11	2006-01-16	11	15	5	10	7	8	1	16	
17	GDR17	2006-01-16	2	1	1	3	5	3	2	17	
18	GDR8	2006-01-16	3	8	9	12	12	3	3	18	
19	Pp118/10	2006-01-16	9	3	1	11	13	5	5	19	
20	OMZ481	2006-01-25	3	10	1	6	2	11	6	20	
21	SP1-6	2006-01-25	25	10	21	1	2	7	1	21	
22	213PG3	2006-01-25	10	4	1	15	19	5	2	22	
23	332-2	2006-01-25	14	16	1	4	1	5	2	23	
24	13JC	2006-01-25	16	6	1	4	1	3	5	24	
25	W12	2006-01-25	16	6	2	4	1	3	5	25	
26	ESO75	2006-01-25	5	5	15	3	1	9	5	26	
27	OMG406	2006-01-25	5	8	1	4	16	16	4	27	
28	196PG2	2006-01-25	20	12	16	4	18	12	2	28	
29	B42	2006-01-25	24	22	1	17	8	7	2	29	
30	816B	2006-01-25	3	6	1	16	8	3	2	30	
31	34-4-4	2006-01-25	22	21	18	3	6	3	2	31	
32	18Y2K-8	2006-01-25	18	17	14	3	17	7	2	32	
33	16V2K-10	2006-01-25	18	17	1	3	17	7	2	33	
34	212PG3	2006-01-25	16	4	20	18	16	3	1	34	
35	212PG2	2006-01-25	16	3	20	18	16	3	1	35	
36	212PG1	2006-01-26	6	3	20	18	16	3	1	36	
37	213PG2	2006-01-27	16	20	3	3	3	3	1	37	
38	195 PG3	2006-01-27	17	6	1	3	10	3	5	38	
39	195 PG1	2006-01-27	17	6	1	3	10	3	1	39	
40	OMZ479	2006-01-27	6	19	1	3	17	3	1	40	
41	OMZ482	2006-01-27	19	18	1	14	17	3	1	41	
42	102	2006-01-27	17	3	12	1	6	3	1	42	
43	102822	2006-01-27	21	5	17	3	20	3	7	43	
44	BH18/10	2006-01-27	23	5	3	5	8	17	1	44	
45	AJW4	2006-01-27	16	9	22	17	22	15	1	45	
46	OMG268	2006-01-27	15	9	13	13	16	3	1	46	
47	295-1	2006-01-27	15	9	12	5	15	7	1	47	
48	B129	2006-01-27	26	6	19	5	14	14	3	48	
49	212 PG4	2006-01-27	7	23	7	8	6	10	5	49	
50	BH6/26	2006-01-27	17	5	14	1	21	13	1	50	
51	A7A1-28	2006-02-02	1	12	1	1	1	1	1	1	
52	CLN17-6-1	2006-02-02	1	12	1	1	1	1	1	1	
53	CLN16-6-4	2006-02-02	1	12	1	1	1	1	1	1	
54	Be-c	2006-03-01	16	6	2	4	1	3	5	25	
55	ESO127	2006-03-01	7	4	7	8	6	10	5	8	
56	213PG4	2006-03-01	10	4	1	15	19	5	2	22	
57	213PG1	2006-03-01	10	4	1	15	19	5	2	22	
58	196PG1	2006-03-01	20	12	16	4	18	12	2	28	
59	195PG2	2006-03-01	20	12	16	4	18	12	2	28	
60	L1A2	2006-06-13	1	8	1	3	8	17	4	78	
61	L10A10	2006-06-13	16	6	2	17	1	3	5	79	
62	L12A17	2006-06-13	36	23	29	6	6	18	1	80	
63	L14A12	2006-06-13	37	23	1	26	8	24	12	81	
64	L18A16	2006-06-13	19	8	1	5	6	12	1	82	
65	L3A32	2006-06-13	14	10	31	27	14	23	2	83	
66	L4A21	2006-06-13	35	2	28	3	34	7	2	84	
67	L5A1	2006-06-13	17	3	33	3	6	3	1	85	
68	L7A10	2006-06-13	38	8	30	15	16	3	2	86	
69	L8A13	2006-06-13	22	21	31	3	6	3	2	87	
70	L8A22	2006-06-13	4	1	31	4	5	7	2	88	
71	L9A1	2006-06-13	19	8	32	5	16	12	1	89	
72	SA28	2008-05-26	2	1	1	3	5	3	2	17	
73	SA24	2008-05-26	16	6	2	4	1	3	5	25	
74	SA1	2008-05-26	16	6	2	4	1	3	5	25	
75	SA5	2008-05-26	17	4	23	5	21	3	1	51	
76	SA6	2008-05-26	17	23	1	3	10	18	5	52	
77	SA11	2008-05-26	28	14	24	19	25	1	1	53	
78	SA9	2008-05-26	28	14	24	19	25	1	1	53	
79	SA12	2008-05-28	29	5	20	17	26	7	8	54	
80	SA21	2008-05-28	17	25	1	3	27	19	4	55	
81	SA32	2008-05-28	17	25	1	3	27	19	4	55	
82	SA22	2008-06-05	3	6	25	6	28	3	3	56	
83	SA25	2008-06-05	30	26	3	1	29	2	11	57	
84	SA29	2008-06-05	28	12	16	19	1	1	1	58	
85	SA31	2008-06-05	28	12	16	19	1	1	1	58	
86	SA30	2008-06-05	31	27	14	1	30	3	9	59	
87	SA36	2008-06-05	32	28	1	3	10	3	1	60	
88	SA37	2008-06-05	5	8	26	3	31	12	10	61	
89	281	2008-06-05	14	3	15	21	8	7	2	62	
90	282	2008-06-05	33	9	3	3	20	19	1	63	
91	297	2008-06-05	21	9	20	22	21	10	6	64	
92	298	2008-06-05	10	31	6	15	19	4	2	65	
93	302	2008-06-05	15	9	13	1	8	7	2	66	
94	303	2008-06-05	4	32	1	1	23	20	3	67	
95	322	2008-06-05	19	27	14	23	21	21	1	68	
96	327	2008-06-05	17	5	1	3	33	10	6	69	
97	SA2	2008-06-05	10	2	13	3	23	4	2	70	
98	SA8	2008-06-05	27	28	3	3	24	12	1	71	
99	SA18	2008-06-05	13	24	19	3	9	9	4	72	
100	SA23	2008-06-05	14	22	1	17	8	7	2	73	
101	SA45	2008-06-05	30	29	27	1	6	22	11	74	
102	SA46	2008-06-05	6	30	10	3	2	7	5	75	
103	332	2008-06-05	35	5	28	3	34	7	2	76	
104	334	2008-06-05	30	5	13	24	17	3	1	77	
105	SA10	2008-06-05	21	5	13	3	20	3	7	90	
106	SA16	2008-06-05	14	6	2	4	1	3	2	91	
107	SA40	2008-06-05	10	5	23	9	6	4	2	92	
108	292	2008-06-05	14	1	1	6	8	23	2	93	
109	306	2008-06-05	20	28	1	25	6	7	6	94	
110	329	2008-06-05	17	6	1	3	10	18	5	95	
111	ATTC 33277	2008-06-05	5	9	1	1	1	5	5	96	
112	SA17	2008-06-05	13	24	19	20	9	9	4	97	
113	HG1691	2008-06-05	3	6	35	28	12	3	3	98	
114	HNA99	2008-06-05	17	34	34	29	6	25	1	99	
115	ME/1-1	2008-08-12	16	6	2	4	17	3	13	100	
116	ME/1-3	2008-08-12	16	6	2	4	35	3	13	101	
117	ME/1-6	2008-08-12	16	6	2	4	35	3	1	102	
118	ME/2-1	2008-08-12	25	10	21	1	35	7	1	103	
119	ME/3-1	2008-08-12	14	35	36	5	35	16	1	104	
120	ME/3-2	2008-08-12	14	35	36	5	10	16	1	105	
121	ME/4-1	2008-08-12	21	5	6	11	10	26	1	106	
122	ME/5-1	2008-08-12	14	7	37	1	10	7	1	107	
123	ME/5-4	2008-08-12	14	7	37	1	34	7	1	108	
124	ME/6-1	2008-08-12	17	36	1	1	34	4	1	136	
125	ME/7-1	2008-08-12	21	5	6	11	34	26	14	109	
126	ME/7-3	2008-08-12	39	23	1	3	10	7	4	110	
127	ME/7-4	2008-08-12	39	23	1	3	8	7	4	111	
128	ME/7-5	2008-08-12	39	23	1	3	10	7	2	112	
129	ME/7-6	2008-08-12	39	23	1	3	8	7	2	120	
130	ME/7-7	2008-08-12	39	23	1	3	1	7	2	121	
131	ME/7-9	2008-08-12	39	23	1	3	1	7	14	113	
132	ME/7-10	2008-08-12	39	23	1	3	10	7	14	137	
133	ME/8-1	2008-08-12	23	5	1	6	1	3	14	114	
134	ME/8-2	2008-08-12	23	5	1	6	8	3	4	115	
135	ME/8-3	2008-08-12	23	5	1	6	1	3	4	116	
136	ME/8-6	2008-08-12	23	5	1	6	36	3	4	117	
137	ME/8-7	2008-08-12	23	5	1	6	36	3	1	118	
138	ME/8-9	2008-08-12	23	5	1	6	36	3	5	119	
139	ME/9-1	2008-08-12	17	27	13	30	17	2	5	122	
140	ME/9-6	2008-08-12	17	27	13	30	1	2	13	123	
141	ME/10-1	2008-08-13	1	8	1	3	1	17	4	124	
142	ME/10-6	2008-08-13	1	8	1	3	35	17	4	125	
143	ME/10-7	2008-08-13	1	8	1	3	2	17	4	126	
144	ME/10-8	2008-08-13	1	8	1	3	8	17	4	78	
145	4627-C	2023-02-07	17	6	16	3	10	3	5	139	
146	4414-B	2023-02-07	16	9	1	15	22	15	1	140	
147	4506-C	2023-02-07	14	5	3	3	8	12	2	141	
148	4513-C	2023-02-07	16	20	1	3	3	3	1	142	
149	4522-C	2023-02-07	19	5	3	8	17	3	1	143	
150	4605-C	2023-02-07	3	6	1	5	8	3	2	144	
151	4581-C	2023-02-07	4	5	1	1	23	20	3	145	
152	4352-B	2023-02-10	19	27	13	17	14	22	2	146	
153	4633-C	2023-02-10	34	31	6	15	8	5	4	147	
154	4527-C	2023-02-10	37	6	1	3	8	7	2	148	
155	4446-B	2023-02-10	35	8	10	3	6	3	2	149	
156	4450-B	2023-02-10	17	6	16	3	10	3	5	139	
157	4525-C	2023-02-10	5	5	1	6	10	7	1	151	
158	4521-C	2023-02-10	4	1	17	23	6	17	6	152	
159	4518-C	2023-02-10	4	1	17	23	6	17	6	152	
160	4341-B	2023-02-10	19	27	19	17	37	22	2	154	
161	655-P	2023-02-10	19	8	6	5	16	12	1	155	
162	655-H	2023-02-10	19	8	6	5	16	12	1	155	
163	695-P	2023-02-10	15	27	23	6	6	15	1	157	
164	695-H	2023-02-10	15	27	23	6	6	15	1	157	
165	456-E	2023-02-10	33	8	1	3	6	3	2	159	
166	465-B	2023-02-10	33	8	1	3	6	3	2	159	
167	507-E	2023-02-10	30	3	1	3	16	12	1	161	
168	537-B	2023-02-10	30	3	1	3	16	12	1	161	
169	712-E	2023-02-10	12	9	12	3	21	3	1	163	
170	760-B	2023-02-10	16	20	1	3	3	3	1	142	
171	724-E	2023-02-10	16	20	1	3	3	3	1	142	
172	735-H	2023-02-10	15	6	1	26	6	15	1	166	
173	771-P	2023-02-10	15	6	1	26	6	15	1	166	
174	711-E	2023-02-10	15	6	1	26	6	15	2	168	
175	743-B	2023-02-10	15	6	1	26	6	15	2	168	
176	742-B	2023-02-10	15	6	23	6	6	15	1	170	
177	1047-P	2023-02-10	5	5	1	5	16	7	14	171	
178	1047-H	2023-02-10	5	5	1	5	16	7	14	171	
179	783-B	2023-02-10	5	5	1	5	16	7	14	171	
180	801-P	2023-05-11	6	6	1	3	6	15	1	150	
181	801-H	2023-05-11	6	6	1	3	6	15	1	150	
182	4501-C	2023-05-11	35	5	28	17	34	7	1	156	
183	P4_Pig1	2023-05-11	19	1	1	12	28	3	3	153	
184	Pg_142	2023-05-11	21	22	1	23	16	7	14	158	
185	Pg152	2023-05-11	19	10	18	1	16	2	1	160	
186	19Pg5	2023-05-11	22	21	6	3	6	3	2	162	
187	144_3	2023-05-11	5	5	1	4	16	16	4	164	
188	UB14Pg	2023-05-11	17	8	17	5	21	17	1	165	
189	153Pg	2023-05-11	14	5	1	3	8	2	3	167	
190	PgNaty1	2023-05-11	34	31	19	15	8	5	4	169	
191	Pg101	2023-05-11	10	5	1	26	6	4	2	172	
192	5A585Pg	2023-05-11	16	6	2	4	1	3	5	25	
193	P5Pg1	2025-06-11	17	6	31	3	10	18	5	173	
194	49Pg	2025-06-11	14	6	12	3	14	23	2	174	
195	19Pg9	2026-02-05	22	21	18	3	6	3	2	31	
196	COM30Pg1.1	2026-02-05	34	20	6	15	6	3	10	175	
197	Pg_K5	2026-02-05	5	2	1	26	8	18	1	176	
198	Pg139.1	2026-02-05	17	5	1	3	33	10	6	69	
199	PgM52.3	2026-02-05	15	4	14	4	6	15	1	177	
